197
219
674
764
173
550
677
438
17
862
713
512
812
794
373
822
71
829
723
901
839
678
229
199
288
37
769
575
880
77
675
379
992
994
897
107
813
977
529
777
179
227
64
4
691
513
517
665
269
832
239
785
582
806
671
646
240
788
279
668
383
59
571
657
53
844
686
946
457
466
413
538
643
954
493
183
436
740
443
978
228
744
455
371
153
857
98
636
637
374
553
39
351
527
655
410
852
729
427
444
591
320
397
539
435
784
336
270
689
635
973
534
909
276
951
891
821
263
203
357
92
130
303
923
725
104
93
58
941
855
820
61
188
492
650
298
779
56
202
516
711
935
223
549
574
886
721
511
70
593
381
316
265
682
933
507
31
358
174
693
74
126
490
123
129
758
105
41
180
843
906
632
346
904
743
32
208
958
3
40
990
206
170
94
773
700
771
912
283
666
273
654
580
402
928
23
293
116
742
11
514
299
719
473
741
676
819
809
865
581
703
722
281
201
132
522
664
121
545
237
178
439
770
800
160
143
763
724
486
734
115
561
685
297
339
193
652
673
211
850
980
305
382
778
124
236
541
433
426
152
559
859
450
793
329
422
233
851
823
67
963
808
72
879
406
112
16
440
79
348
328
119
166
537
659
573
323
284
140
688
369
344
595
533
917
57
136
745
111
355
790
624
717
330
99
535
830
324
838
396
452
277
425
313
428
318
988
498
149
222
705
568
15
702
905
681
209
456
588
151
127
216
753
368
986
618
651
399
968
893
557
291
748
601
385
566
407
145
29
750
454
175
301
660
853
585
786
10
712
12
241
979
310
936
760
306
939
9
774
467
247
120
804
878
564
137
468
604
969
648
546
18
103
95
221
614
733
401
634
608
494
430
242
290
200
796
708
847
597
246
780
442
334
446
125
253
684
461
319
858
474
234
489
846
706
894
232
731
142
638
602
775
964
727
479
154
139
365
715
596
423
294
414
607
472
331
863
321
254
583
488
831
653
942
698
361
244
141
194
386
184
710
483
249
818
110
754
889
728
35
739
392
746
8
563
63
569
393
28
554
910
389
558
570
108
437
196
73
834
30
400
526
182
824
842
594
388
338
827
275
150
309
101
623
747
952
340
470
605
24
679
860
36
542
416
102
701
469
825
311
515
882
262
359
868
776
238
943
864
927
590
353
626
6
896
662
833
255
50
27
871
644
198
345
926
914
997
756
699
810
540
695
482
519
867
913
292
2
922
322
645
599
376
42
114
658
159
395
390
21
510
881
88
259
89
302
617
177
230
749
131
186
709
732
598
97
807
948
536
156
460
759
109
44
491
429
485
20
998
587
934
957
205
953
670
307
949
448
661
768
404
884
251
272
204
836
138
157
267
856
815
707
835
117
902
892
7
286
567
91
363
625
398
854
496
547
465
506
628
210
86
888
518
981
611
543
300
43
631
811
481
861
66
915
874
530
781
287
616
532
885
327
930
135
972
144
766
257
803
417
22
332
189
409
911
920
118
372
950
945
146
757
475
69
484
903
266
629
459
989
795
226
48
411
304
962
289
100
755
520
544
737
869
647
501
735
337
560
84
975
762
586
577
876
478
961
421
1
956
75
984
898
13
814
761
787
168
991
640
314
837
191
633
797
1000
562
505
441
285
970
113
649
841
937
495
252
828
258
49
317
523
341
243
503
134
552
274
687
235
630
982
133
720
378
362
167
387
528
497
603
87
751
14
870
76
783
162
185
592
877
447
476
690
667
726
817
802
213
944
875
326
405
354
190
33
622
487
333
51
451
187
938
916
907
342
714
432
215
128
65
418
424
85
34
873
967
412
995
900
615
462
621
866
480
736
349
47
212
805
609
789
434
890
525
278
415
347
260
352
82
845
983
343
921
52
589
218
584
19
931
642
83
271
767
419
683
965
959
176
947
508
555
895
696
264
999
164
613
974
155
408
360
960
165
325
463
26
96
985
955
296
987
919
458
801
556
826
148
335
449
68
996
268
224
504
163
90
672
122
60
680
656
816
80
231
765
445
261
641
256
692
431
78
161
849
524
704
217
887
282
976
214
925
308
548
500
840
62
565
924
694
639
471
477
663
207
772
225
738
718
158
106
370
25
899
966
169
572
932
612
791
521
315
245
356
918
181
81
697
669
295
453
250
350
929
38
730
172
627
54
366
883
45
312
384
192
610
195
782
46
364
579
220
420
620
280
394
531
798
509
848
55
578
908
391
147
377
502
248
576
380
716
171
993
619
403
872
5
375
752
464
799
971
600
606
792
940
367
499
551
