9065
7577
3918
6249
5003
1614
6775
3163
947
6731
2105
2793
2657
970
5563
4115
1395
4750
8759
4084
3474
1452
7980
1021
6109
5922
5790
4304
8461
2805
1183
7303
8856
27
5005
5401
2771
1446
3137
781
8868
7498
1686
8443
6182
9538
6958
6669
3681
6115
6336
9902
7747
2325
2970
4851
8380
7793
6136
7829
1652
3226
9401
6438
5144
7492
965
7472
7938
4640
951
1301
7885
1924
8072
5333
2217
5950
8078
9309
3585
7496
8162
7169
8193
5784
134
4888
7727
6948
2499
3962
3659
6037
3817
1735
8180
6567
6191
5111
613
7657
1018
7685
598
9983
9940
8351
9524
3487
3284
3794
4550
3913
6197
7106
8014
9015
8011
4763
8310
4912
3353
5372
5252
7126
3314
5174
1044
8901
5916
1067
9636
3554
6969
5727
6328
9458
9837
8540
2259
7533
5594
9669
418
6579
3528
8933
4617
1189
796
7252
267
5767
8269
8435
146
183
455
510
9866
6149
2861
2627
6263
9198
4867
7989
9723
4729
4059
3653
1672
1611
4273
6169
6714
8730
9977
4350
5826
8150
8171
3674
600
5744
2491
1650
6975
7001
9287
5254
2783
5855
4554
5796
5263
9974
1130
3547
7825
903
5369
776
6043
1763
7992
1412
6909
1830
3598
3000
4990
8797
8643
6428
1657
3095
1372
5443
7383
694
4857
490
2262
8413
8043
5766
1222
6600
7384
6846
1790
8627
3355
2533
5416
5266
8688
9535
9228
4190
459
2794
9165
9749
3948
8902
2030
6598
2483
8023
8153
7114
9227
1389
7927
3693
3383
3446
2015
6611
8084
3441
8906
6630
9877
8201
194
3188
5570
3154
838
5877
5276
2740
7308
5894
5087
7585
6450
8802
3105
1417
5816
6586
8789
649
1811
6313
5666
6383
2823
5996
6099
3777
655
2949
3763
7371
8202
9632
7288
1472
1016
5298
9440
5536
5836
9319
5440
2268
4274
1983
7560
689
5342
6734
849
8134
5579
9288
2860
2933
6500
5086
1944
5438
992
2437
3464
5506
5457
7124
7359
9576
9796
8549
4154
4062
8787
1115
3118
9337
1581
9568
577
4802
4936
3621
4285
1009
1247
8958
2293
272
8528
3851
7500
2623
2650
5303
8259
3883
6211
752
740
6696
4619
8749
5215
8112
1676
1891
6542
7481
9637
9182
6079
7210
668
5636
2603
12
7064
9562
3606
8930
6493
4970
3349
1809
9429
3718
6756
289
6850
8318
7194
112
381
9754
465
4182
5892
3406
8550
3979
9726
9402
2695
3902
7408
3895
3156
2737
2760
5757
7069
6221
8467
93
7784
8827
5278
2726
7262
5804
335
7878
1994
6225
6489
380
8336
1357
2375
1390
9659
3856
7876
3493
7543
2699
4735
4533
2255
1123
6206
925
7060
7852
7036
8248
2659
7253
527
4726
5718
5660
5200
2724
4386
8212
90
3481
2248
9128
1483
8594
7263
8076
2012
3721
2553
1430
4623
2511
4602
2881
1262
2264
6507
8612
842
2395
4358
5195
7085
9768
9024
4108
7762
7312
6715
7650
6653
4428
5236
1848
237
3174
6602
2579
3960
5548
6463
8635
5504
5974
4771
2675
4255
3773
526
5693
6025
4379
209
2136
639
1367
6902
7335
7118
5437
775
913
6290
9360
4174
3299
9007
7843
9985
1938
806
2573
7483
6296
1770
2538
3029
4742
641
7455
2770
7128
696
8656
6208
5913
9918
9584
4087
9737
5539
9173
6730
828
3827
5151
6851
5345
9363
3140
4262
351
6801
5158
8984
330
9146
6026
4607
9470
8509
2931
7811
9310
1027
6200
9316
198
3618
3193
3480
2720
5577
1595
8144
6430
2745
6181
681
4090
3584
3229
2242
325
5961
3160
9513
8164
1447
3424
6519
2686
6268
938
494
2093
142
9326
7616
2835
9315
2161
7740
4050
5653
3448
3342
2886
6135
6536
6124
4221
1610
7851
3560
9052
5867
738
1462
8844
9515
8474
4493
1969
3885
1071
7499
9748
6289
6482
2003
5512
2609
1594
1025
6112
9030
476
4968
4070
9464
86
2123
847
1557
6508
2521
4201
2510
43
8978
6470
2665
6889
9601
9304
8529
201
8796
5447
2555
5887
6422
5621
2324
2532
8469
3222
7461
7993
5936
6286
894
2961
4404
7884
1919
963
2484
573
7326
927
7311
7634
7681
7620
7710
5933
7179
1911
8081
9874
6337
9297
8200
3673
4113
9260
7555
2960
6046
5322
3810
909
3348
2754
1361
132
9888
5997
4471
9364
547
6234
6993
1939
6132
6096
9786
105
6769
5031
540
3821
4767
3894
6375
859
1754
139
565
4162
1282
2688
5479
790
8188
1532
5207
2321
4168
3972
3745
7463
1117
3269
4419
1420
9368
1456
4260
4756
2256
1179
6204
7494
307
4279
488
435
9763
4939
2836
4306
5977
1332
1187
9152
1295
3812
4207
7008
736
6056
8504
1223
117
5859
3640
5178
4847
4244
589
3889
192
6815
823
4483
3531
2116
5688
581
5448
2784
1656
8049
4701
1779
7734
378
1859
4757
220
1980
1474
3108
7986
3099
1092
8553
296
3279
257
5089
2181
4269
2880
6808
9345
9519
480
5179
7504
1536
7084
5211
3803
4985
7629
5119
6006
7172
2423
7855
3685
1497
3702
7941
3207
1827
2280
5357
9179
326
2440
1633
1076
7323
3478
1215
1750
6624
2017
6614
8966
3735
1643
1441
5190
6950
6814
1147
7936
421
2170
2900
5244
2206
8866
9717
8928
5284
8525
8569
9226
3252
9356
1858
4769
4124
1907
7717
5848
8697
5895
429
5902
7760
4029
7545
9293
6302
7196
3
1022
7467
1608
7154
3007
4184
3524
1375
5872
4052
5792
2075
5754
2303
9618
5737
9958
119
5791
180
2135
5294
2654
6186
7281
3567
6231
3128
7151
338
2894
3636
3690
2557
8065
937
3295
3724
8961
6966
2574
8633
2512
1966
5678
9246
9954
7661
4220
1850
8447
5911
3750
6521
9324
4964
4910
8676
2653
908
2501
4974
9797
8517
4585
9086
6944
5439
2605
7700
8042
6742
4308
2710
7840
7587
8905
5015
5690
1537
2047
5192
6510
5339
2828
6032
4933
8446
110
5428
744
5556
997
9469
5218
1235
4410
5675
6899
7224
8408
9105
1956
3451
1540
4979
7228
9950
5007
7207
3891
3698
3596
306
9865
5965
1154
2332
7401
4362
2577
1414
9014
6784
4873
9550
6908
6311
3738
2663
8642
3373
6989
309
6293
1328
8047
2758
4837
8545
8146
9421
7549
8227
6411
3377
7611
3542
8398
930
3062
793
929
956
2936
254
9869
6520
3730
8111
1317
2943
9829
6932
9102
3044
4073
980
5915
580
7820
1106
8470
6177
1058
1028
5713
8755
5227
407
8410
4821
3292
4041
6451
7648
7145
7078
3431
21
669
9127
9945
9336
8005
472
7679
8401
8513
2091
8482
971
6737
9979
4860
6515
1733
4151
2458
6018
440
7438
2996
2773
282
8459
7314
7090
7322
2908
1381
3409
4028
5952
3747
1768
6076
5026
8626
8178
3764
2615
5168
893
6733
8565
4439
1856
6171
2548
9725
7601
5881
3507
6187
7426
8923
2
386
1936
8527
2131
3857
8323
3435
1961
5264
2320
4051
7753
6588
8173
5611
4653
6872
8483
8021
7550
3978
3561
5201
3968
4699
1212
517
9750
7343
4434
3707
5013
4720
4259
4820
7391
507
7804
8531
5683
8372
5957
6954
2847
6501
5371
7824
5634
4173
1996
5942
7129
9868
5075
8222
7356
7693
5553
3710
80
7077
6170
4887
3021
155
404
2717
7023
4089
79
1370
3354
8897
7176
5465
8044
1492
2345
9457
7013
9485
6690
8497
8080
5018
4035
3755
1977
2185
6166
6841
9013
9534
8616
2988
1704
2413
8989
1099
1060
1034
2207
2876
4855
9525
3973
6728
2817
4340
7916
5808
4458
8567
9295
6943
7680
5306
1056
9773
1178
4994
5551
2405
9882
9392
5329
5154
6590
8174
5507
2792
4481
1826
2690
199
2374
7231
2976
3919
2819
4328
5348
4789
2761
4324
3148
8498
4326
2252
346
8194
4981
1294
1160
8300
2941
8074
4849
3379
2718
38
6672
6081
3748
2818
9842
4798
1892
6852
6192
1096
4116
8995
8840
4611
3113
8965
8361
5900
5962
5532
4397
1837
1449
7168
1508
6990
6626
6809
7139
5463
9755
2175
3999
5601
2020
5989
544
8381
7344
4396
4643
8303
121
9522
7658
3634
9863
7370
4796
3039
5607
6264
7378
5029
2443
3086
6874
4836
9722
6587
9896
2398
3758
717
2134
6865
9410
1804
4620
8709
7518
2095
4431
953
149
4834
1732
4741
5494
6631
9745
8100
9223
4319
2396
9914
7775
2649
7451
7699
7301
1621
5489
6795
948
9671
928
6743
6180
1036
6999
6741
8848
1041
5885
3233
4106
9046
1758
9778
2744
8181
1764
5514
9386
9664
4664
4586
5238
3136
3672
1563
1803
2349
7089
181
8879
3368
1953
8818
7299
1951
7325
862
2918
371
3296
7469
7774
9699
1401
8726
545
411
2789
1433
1423
2152
8728
3974
3818
3604
7476
7960
2103
3266
3376
4818
1434
3274
8308
5186
2365
9231
6981
5868
6528
7051
5988
3054
3069
8400
6816
9853
5533
9435
554
9892
7458
4429
7822
5470
713
2428
2531
9663
329
5156
6283
8028
6341
5838
4288
8030
3873
7831
2911
1385
4376
9109
6031
714
3525
6544
6476
6342
8574
7645
2716
8515
3578
1666
4411
348
3566
1547
2777
4347
4785
4723
3749
5093
6331
7443
1435
7567
1131
3787
7107
7353
1634
7813
6978
4409
6925
9026
5324
4816
4156
1342
7706
2630
7991
2461
2529
2849
5049
8066
6645
7563
3593
9897
5180
8331
1305
9939
8579
4576
4973
6205
9074
4654
4039
821
2340
5978
8784
5928
9426
3495
6089
1509
851
5148
1796
1801
7761
3198
5464
1647
2476
7294
1074
9942
28
7730
9701
3499
9756
4958
9808
7686
8328
3375
384
6933
2904
7088
5728
9692
2312
5946
2854
848
7817
3838
6175
9695
2611
1444
3079
5565
8172
3112
9481
8982
8713
8132
7364
5056
447
9760
3370
4803
8377
9501
2027
9043
5419
2327
618
2261
5425
7330
7609
7349
7470
1114
5537
277
3410
5534
153
9314
3914
5679
7201
9196
2519
4057
5374
8667
7542
2815
1571
8588
914
2449
6279
3934
5547
4243
4463
9357
5255
924
5123
2273
8997
3175
6877
7474
5581
4406
7756
6765
6241
7736
1365
8280
4952
1237
8769
6575
6552
288
966
3799
3290
3091
6126
2493
8867
8045
3492
6942
8861
6484
9910
240
9656
4241
1046
6468
1607
1168
5048
1313
8156
6591
7789
2767
2673
4608
3646
4948
5641
2608
114
9125
226
8371
6454
1749
9335
2468
9093
5720
6367
1565
4503
5213
1498
5471
3686
3797
3413
4858
9258
9521
2257
4215
9720
2469
4882
4164
1219
9063
4886
9694
9752
4467
4270
6049
876
8096
9851
6953
865
2233
9624
474
5689
3983
2774
1484
9747
9216
9338
2300
2394
4266
4565
1255
522
48
5723
5217
1794
8615
8649
6597
5769
6867
6350
5573
8472
2441
4076
430
6661
4801
4378
5109
7930
9532
8865
1583
8534
3488
3916
7457
7954
8895
9189
5987
332
5096
2507
4507
910
4145
7072
255
3034
3728
8054
7429
7392
5580
756
8261
1003
3753
9957
7807
2162
1416
8778
7065
1151
4423
5647
758
4898
88
5910
3725
1172
8753
1432
3121
9340
6447
896
3057
4777
5408
1812
5522
122
1111
3515
974
6796
1504
7138
4068
2957
8053
2721
5004
6088
5257
5385
9446
6160
9104
9830
5296
761
9855
9496
2768
3648
7818
8159
2620
7832
5702
3517
2236
1073
3234
7536
6364
6307
5943
2537
915
8322
5772
2176
921
1320
8431
680
635
6523
6952
5431
5034
2330
2504
9164
504
9272
8456
1105
8137
4165
8341
4384
7416
7673
6694
2809
7636
1862
5225
4695
3800
1137
2295
4861
9922
3317
917
3380
1135
4712
7017
8286
1677
5763
3534
816
4971
4587
2334
3929
853
6087
1101
7360
2456
6709
5591
41
4276
5268
6526
3772
2342
7773
5891
82
1457
3667
3465
6833
8176
5444
2385
4775
854
2857
3473
8956
3302
994
8448
5066
4955
3008
5544
1866
2932
6928
1717
9235
2021
2310
3367
1029
5856
4204
2658
688
8004
6963
6853
1514
7431
4033
6184
4663
9573
3609
7382
5260
1989
1336
7610
5384
1516
836
6381
3432
934
3695
8807
4388
6023
2958
4014
9511
4249
5671
7870
8974
2306
5228
8846
9387
8051
9849
3744
1808
213
8088
5430
5054
4060
6676
7180
3701
9112
4571
3419
9010
5022
6903
9184
2942
7217
3661
9265
3626
9210
7995
1728
7580
6048
702
4957
5984
9884
6461
9372
7351
715
6426
2089
9450
7558
1685
1718
5511
3866
2427
8277
4527
442
7076
8654
5116
2307
8580
2296
5165
1438
5240
8738
9777
195
8940
1795
3610
7997
8813
3568
9932
2905
1
2366
593
5361
3439
9276
2652
548
3530
1923
8585
9434
7121
8727
8000
5907
169
9427
6986
9224
7367
6267
4080
7266
4320
1350
5481
1104
4843
5110
9257
3201
3024
643
7133
4081
6663
3793
5477
13
7123
3211
5673
6242
4539
8105
2080
5672
6683
8075
6320
1582
1646
721
4247
8947
4399
4071
8776
8734
8125
160
3984
538
5786
7479
9199
2054
302
651
2694
9420
855
5662
6957
7513
3194
1978
912
5090
6309
2635
6196
4391
1345
9926
1148
3452
2631
4172
1192
3545
3255
2406
3093
7572
4146
1039
3825
4549
8620
5490
5584
8
9395
5301
6394
870
6712
5242
8364
9039
5130
6839
5129
2799
7692
1548
502
1019
4373
2378
8340
3309
2132
3647
8170
622
6216
7261
73
1344
2254
6543
6494
4294
7952
6040
5091
8109
5405
3366
5121
1558
118
6888
9949
2977
9059
3564
3328
4357
1722
1823
4928
3315
5736
6121
4159
6319
5497
7705
8384
9502
4823
9783
6692
3101
461
1625
2002
8739
1279
3739
406
1291
1366
1325
7819
1825
2899
2566
9274
4703
1921
5009
9848
646
1667
5100
708
4966
6469
376
5945
140
7235
2279
6612
2106
3068
4658
762
3503
9963
3158
503
8645
7236
3637
6111
9384
2309
3200
703
1261
2465
2011
4884
9934
6369
8022
5865
6940
6727
109
1133
4656
9462
1747
8695
5841
8266
3217
6569
3887
1118
6938
5473
7926
5602
6029
1383
492
353
4570
6748
7257
5094
3486
4665
4959
6195
1152
536
2197
1529
1752
2151
7248
1356
4874
6203
7276
1671
3783
2723
8975
320
3049
4704
7552
6946
6834
3896
591
19
8285
3937
642
7554
814
8106
3813
6782
9674
3037
2234
5103
2667
1642
6711
664
583
1359
3143
8653
2362
7020
1533
2035
9793
7428
7942
7381
2947
5972
5815
4646
9393
8224
9064
7141
1579
4903
6127
3762
1598
674
4250
6351
4072
1680
2916
8935
7731
6793
4448
5994
4660
1280
9081
2939
444
3468
7290
186
4183
2850
898
7929
7372
9655
3638
1318
2276
239
6773
5390
7573
7556
9588
902
5350
4290
3654
1664
1546
9396
1419
4519
7862
5205
8752
7245
3236
9083
7729
4235
3676
9256
8762
4424
7600
7821
34
8839
9900
5277
7981
4149
846
4345
5418
6797
4267
5951
6146
6554
278
46
6840
2503
85
1880
4956
251
9539
8061
8332
6656
4380
8915
7568
1026
4054
4181
8518
6005
3643
8963
7667
9943
9971
6904
9687
4689
2736
4443
8225
7193
4363
5578
4253
1480
3688
2897
5802
6297
224
3273
3477
5317
6474
4666
8198
3192
3717
4790
7525
42
3742
1663
2360
334
2796
3675
6670
3231
3453
8791
6827
3858
1266
7375
4134
178
3327
1861
2534
1673
5991
837
9523
2800
5714
3362
1659
1972
9693
8025
5106
1428
4026
2275
582
3540
3263
2142
692
8675
4408
1620
6695
414
2431
2241
5196
6133
3789
9016
7712
4150
1329
6632
4286
4351
3161
8708
9308
9682
7166
74
4213
400
1153
2927
3257
2595
5516
8491
7805
3294
5983
9473
7444
9177
5410
3183
8986
349
6348
2602
5145
1638
7559
7186
7654
2044
9493
6460
4875
9082
7861
1941
9788
7256
6829
2119
8792
7031
3005
1857
8712
7544
304
841
6580
2285
4398
227
8765
6434
6914
4676
7071
5901
7355
5368
157
3324
2232
2143
345
3788
6055
8962
8324
6159
6161
7787
4885
1925
3155
8087
9503
9639
2497
9591
835
809
2528
3967
7059
4199
6744
5851
7850
1292
4747
9514
3303
403
9880
1108
1601
7647
1895
8136
3594
260
4904
6271
2008
6095
18
9230
2935
2656
9381
2956
9499
1275
1268
4271
2284
8919
9955
3927
5817
4559
242
6882
1411
487
8842
811
1745
4460
6174
350
2448
1265
2549
7725
3414
1950
5692
7425
6652
6013
6041
1774
1818
1703
1992
1744
5362
5323
3460
4491
8128
2804
6610
891
5393
3283
6298
6344
5423
8063
8272
3519
352
8942
3864
3727
9056
9055
5803
7080
9404
3083
64
7501
9529
5326
7488
2954
6905
7373
3731
8160
9806
6044
5104
5515
6527
6890
4135
101
7270
2923
6545
464
7004
467
6243
5045
2729
8976
2128
5805
2450
3589
3708
4007
4734
3415
8637
6817
596
1789
263
5092
287
8636
3615
6449
6154
4711
4118
5313
4272
685
2525
6415
6418
6635
3325
6113
560
413
7454
2454
6488
6726
5694
4831
1753
4524
8761
8085
1252
1640
9332
3392
7777
6202
9027
5543
8899
9049
6131
2266
206
7612
9415
3569
5080
7921
7182
9483
5519
1890
6416
8662
2253
4009
6236
8766
3986
3447
362
391
1742
8718
8010
1606
880
8250
9665
3277
9498
8123
5453
5162
8359
7640
3122
9261
8541
2781
7615
5707
4318
4455
844
5762
387
2001
6167
217
8837
7081
4783
2380
3443
9122
7420
4442
7421
8909
2892
8785
3307
8875
2186
6199
2439
7032
4137
9686
6558
7449
2982
6213
5496
5798
8702
191
1846
5191
6873
457
5222
6878
5376
8680
579
4360
1587
1169
8969
243
9061
8993
9255
7565
4931
3881
1072
3795
2390
5050
7955
4420
7854
8026
8317
7968
4514
9504
4543
7028
6849
3981
1694
4728
6355
8948
4824
519
1177
860
4846
7200
8696
6033
1968
8674
2763
1213
3706
3544
9898
7165
8871
8560
799
9432
1170
3915
4870
1821
7946
138
9960
4064
9136
2625
2588
2509
2893
3351
1369
9512
8116
1901
8862
813
4916
4392
5281
6662
807
9530
6362
4545
5608
3652
623
9642
6859
8477
1574
5194
9400
2168
9163
4130
6629
6671
5249
1900
7882
9461
3326
4718
6618
4918
523
6832
4370
7713
241
6158
9066
8355
9488
9321
6245
9856
397
2347
9137
7259
2991
6956
1024
4413
9905
9344
850
8783
5426
8556
5925
9894
9312
5845
4263
5038
2903
3808
5969
7764
6065
9413
5424
5449
1902
4794
5883
7099
8600
4077
858
7441
2480
4501
8219
9154
2702
9144
1340
1519
3802
5842
3042
5623
9278
7430
5169
5183
906
2524
1064
3177
6144
5659
2053
9111
3450
4155
9620
1425
2436
9766
7074
1184
8437
3313
2355
5203
3036
9330
8138
1466
6736
9071
8334
6549
4000
4237
4880
9484
5931
1889
6396
2372
5990
3930
2703
8098
5759
6183
960
2544
8628
9548
3874
9389
6595
5476
1249
2198
592
6061
9903
7872
3107
5880
1655
734
878
8605
9661
675
4542
9765
4459
2172
6919
5705
6573
594
845
9161
5231
7091
1392
7298
189
2883
1674
1696
6822
5886
9044
4217
6677
2048
5622
7515
5101
1541
3430
7505
5047
3796
5776
1943
2875
7754
5265
5947
6389
4012
56
4913
9764
9517
3127
1050
8143
3202
4700
3711
9706
6002
5719
9376
1349
7136
4551
5652
8548
9423
8760
3917
8052
8864
1982
4764
1459
2386
3830
7978
150
6083
5812
7646
662
8077
6982
3527
5735
4275
1550
4101
9621
7935
6435
1773
4470
2391
5122
9546
4034
904
8751
3608
9414
4074
2323
8402
3472
5531
6962
8367
1157
486
452
7738
5386
4194
8957
9018
3230
4374
6185
7984
2559
7800
9181
3298
5545
3134
3512
245
2113
7015
8414
106
7293
884
4606
390
5788
2482
2297
9644
6303
707
9526
4055
7655
5897
1319
8027
8404
6548
5454
5927
9714
4512
434
9633
5612
6974
6232
8926
5741
697
2046
6008
7213
4598
2329
3779
1807
5680
5661
3834
4688
6222
2540
8941
1502
1360
7219
2040
7336
999
375
5366
3848
2715
4893
4871
7202
6007
5755
5721
4045
9072
3989
7660
5184
222
8242
3815
1785
7733
7267
7714
2785
3408
4714
4476
2363
2294
7260
6485
8253
6301
3736
6226
7471
9375
3829
8386
1651
9970
9840
1142
2762
8519
4566
1922
7120
8801
2669
1738
8880
8126
5818
7142
9465
5108
163
7005
6280
3114
6405
7836
2914
2121
8099
1410
5084
2409
6566
8647
8434
6964
7923
7757
7117
2077
3020
8119
1038
2364
8576
8825
4730
8321
6665
4284
4863
4099
7278
919
6151
7749
1159
3882
6843
1030
5114
4209
7826
3276
7894
6443
5800
2668
8916
6376
2873
5566
7988
4281
8287
6034
104
1422
990
8115
8103
3826
2227
7728
6564
7970
2408
2614
5334
9680
5062
7539
2543
6257
513
7919
7945
5912
5011
7369
1424
8433
9283
4067
7403
539
9646
5157
158
7332
1510
5667
817
7422
6721
969
5212
5216
4102
7025
3022
252
5530
5870
1388
8487
161
462
6830
3162
8808
7724
6779
9987
677
6680
5889
291
7464
1377
1129
1781
4840
9787
7859
4121
1824
3272
5924
8245
4444
2584
2617
7972
2950
1792
3389
4897
6021
2189
8812
468
4826
9770
6155
1284
9730
4686
5434
7755
7264
2759
1760
4257
8094
7048
5861
2247
5731
5239
1787
4048
804
5626
8412
1273
2270
7591
2551
7388
5696
5396
1404
7109
6926
3395
3980
9810
94
8177
7034
3241
2829
2622
1955
3529
4109
9508
8430
9844
8370
8031
3361
8426
3906
968
7249
6379
7043
3334
621
5529
2683
2801
7594
4282
4895
6810
601
6581
7189
6551
128
1843
1228
9222
2389
4332
8938
5948
3133
274
1490
5065
401
9858
7808
3877
2155
4969
377
1721
1888
1230
6760
8421
3665
2545
7108
5411
6260
2100
6347
3323
7990
2570
3335
7633
7678
3152
5583
3869
4722
3776
1393
1007
926
6753
7272
4829
2515
1379
247
8741
6577
8689
6977
2016
1103
235
9560
4625
3581
4157
587
10
8668
8327
9328
9574
1023
2807
9912
2212
784
4518
1197
986
5968
5646
8624
7625
9217
6479
5099
7333
4517
1593
9487
4011
4085
4297
1391
2145
8007
1767
3875
2974
9034
6365
6103
7931
1257
8794
984
7269
5074
9500
2787
2887
4333
8506
1612
1897
9928
5523
792
3458
2074
6754
3579
5356
481
6068
8595
3786
6959
7409
9489
7659
3045
6424
1946
2865
7161
2446
7576
4366
6066
4924
7188
8392
6537
6752
7000
8543
6129
570
9281
6458
6988
6074
5929
3684
4292
9120
8320
4616
4251
2057
7092
2384
6518
1870
6976
167
266
7902
4838
9781
4552
8530
6317
3801
1886
2140
9711
9242
5226
3769
3781
7590
2568
2180
7671
1736
8379
1958
6901
7357
895
2179
2569
2562
4291
8215
8617
6758
8877
3687
7857
1708
1055
5420
4806
9215
1297
5982
1629
1553
5587
2597
4356
3153
248
7502
3664
2877
1436
6403
4579
9300
7890
6188
2354
9959
3219
8520
6106
8582
795
8268
7745
3281
4510
2094
2922
3565
8015
6459
636
2401
8972
1458
9495
6838
7309
2624
9444
5274
4773
7701
6994
5143
4327
575
4891
1499
4564
7340
1409
874
20
3084
6475
8592
9399
4876
1396
4066
6471
6467
6826
8133
4612
4706
205
8660
6643
9649
7446
1832
1339
8870
2169
174
9050
5999
1300
8403
3658
3816
4228
1015
8199
15
9377
4040
9121
7435
6762
718
2867
1670
2874
7026
5670
7400
4037
800
1661
137
2985
6693
3032
2885
5858
9697
5923
5321
8669
2188
7244
4079
5833
4631
7250
6763
5341
5046
7363
7871
6219
542
4795
7512
9612
8811
3149
1081
9936
7410
1810
9785
1604
6703
2606
7040
942
5389
3941
8130
5452
8441
3582
3019
9289
1186
3082
8623
5241
1193
7225
6254
2343
3548
9301
1937
7589
6120
7695
7535
4732
1551
1245
8095
4724
782
98
769
4354
9452
5328
87
1254
2992
9369
4083
3256
3251
203
1616
4984
4942
7147
8388
6399
1714
3814
5335
3260
8699
1110
5071
25
5336
5251
2946
7285
7925
8432
1380
6864
1909
6198
7296
6761
2333
2055
1231
363
9472
5398
8383
5331
7024
9142
3952
4160
9579
2775
3757
5559
4025
2640
9045
1347
8127
1005
208
4731
1539
2938
151
6098
8147
4454
6334
7768
5060
2000
5708
2840
2056
9051
2010
8454
7674
9416
6836
4315
215
3571
8893
1658
9290
8831
1065
5289
5716
9057
2672
2331
9238
2210
9486
1762
5023
7548
7592
679
5979
5012
9516
7934
8631
5492
8922
5726
6768
8979
2912
8573
4158
5482
2225
2646
8452
7434
6324
9451
7918
2473
3454
6373
6541
3933
9023
6125
7019
3679
7880
3117
8485
716
2822
1849
7605
1967
967
9139
9054
9930
176
5020
3938
3712
8510
8299
1755
7639
4341
1397
9792
135
2370
9875
5625
5375
9497
802
4547
7283
6916
3716
6774
2655
4144
8140
3072
373
1116
7338
1491
1543
1308
978
9459
7684
9615
1454
8274
1453
393
5650
8665
432
6870
2502
2082
1258
5822
9887
9203
5187
6531
3924
4293
2149
1705
6698
7390
9347
7983
4136
1238
4574
5930
506
9437
7893
1591
308
2782
2118
4302
1562
5687
5520
1314
8235
7380
4019
3703
4231
7152
1530
4715
4097
879
6667
2558
9630
8908
3909
9348
312
3737
2451
7534
5042
2821
6329
3130
1914
4352
3111
6481
316
2447
6218
9397
8694
6059
9881
2282
1852
5722
9554
987
9603
6063
9991
5414
2023
4535
9510
2357
7482
6539
1867
6871
4508
9275
7785
1506
4768
9834
1042
5120
1884
8551
5525
9761
7497
1013
9870
1473
5793
2361
3048
3412
1119
6000
1371
5825
1507
2049
6811
1378
8444
4672
597
8236
7478
5835
7185
9236
3506
9456
4337
2032
5914
6789
9740
916
9123
7783
1431
1049
3040
8526
5849
824
2316
8945
500
6608
3785
2637
9038
9698
318
6082
584
8943
1464
1644
2184
9818
2561
1898
4842
8767
7083
1535
7143
9318
789
8535
7574
2412
8648
6848
3304
5035
3399
5710
6939
4044
9799
8851
6984
5513
6642
4635
8006
5076
7268
6613
8814
4365
8450
4316
7432
9115
2929
2274
3116
6038
6419
3583
2410
388
7624
77
511
9582
7286
97
51
7510
7354
553
9650
8396
1632
4185
8743
8419
7110
5209
7759
1059
4765
3445
8243
7203
2997
3845
3100
4381
6599
868
5596
4684
3756
7698
3423
6116
6250
4063
5139
4473
2466
1845
3397
1011
9366
8260
1952
1008
1799
4020
5681
6713
4120
6402
4287
4402
8169
6764
9505
9067
7487
7159
9194
9976
8898
1645
3975
9566
605
1408
3185
3549
3860
9471
4314
357
8681
4004
2178
1960
1002
6992
9351
2222
608
8795
3491
7864
3611
7514
1364
2455
5959
3768
2940
7450
9233
4344
4786
6794
3751
9607
5466
3867
8704
7495
4430
9672
3165
2087
3476
2984
2520
2613
7865
7830
1102
1725
2112
4516
5505
4610
6173
6781
6374
1324
1195
3129
7215
1225
9053
8221
6009
7524
8693
1394
9802
3682
6150
3006
8163
2750
4661
6717
4521
7406
4298
2421
8082
4685
9728
5746
5044
5484
9558
4719
2856
4049
8251
5429
2004
7806
4368
7551
698
1084
5314
3396
4300
1863
4528
3990
8091
127
3339
7716
567
7413
7860
972
4669
6305
8013
8859
7879
5140
70
8917
1526
7790
8578
7183
9433
5269
6970
9941
8622
9759
5663
765
5958
7436
7239
768
7489
327
5433
8849
2704
2884
8335
9491
8869
4639
8822
7167
3761
6935
9126
4659
344
8228
4954
8507
3704
7415
3619
2481
6746
5402
6240
3364
7873
4673
3502
7887
6028
7310
7578
2838
652
946
8977
630
4652
3780
5752
1592
1139
976
3743
3157
2633
1766
7920
6004
4240
1214
7389
3945
5813
8641
9029
7846
1513
4926
6967
84
2147
17
2083
7517
4853
405
8032
3372
6391
4681
1715
3878
9623
6193
8828
9709
2263
7598
1545
7987
1270
2305
4138
2271
8363
9814
8233
6392
4680
619
9036
6771
4254
8237
9374
8263
2322
5171
6363
7304
1511
6253
1935
6338
1010
8890
2114
3080
1613
4002
5618
8603
71
537
6593
8659
4317
5478
5486
1930
2599
2554
4679
7508
1120
3218
9334
3173
3023
7883
8354
7778
5603
249
6900
9578
8720
5472
9997
6272
2589
8306
3066
3132
2638
950
491
431
9453
4862
8316
1560
5905
2852
7597
1140
469
6156
1998
75
4098
8141
1697
5163
7190
2041
6172
3033
897
8298
3805
7897
9097
8921
8884
6638
8904
4770
5589
3075
8187
2732
9463
4815
273
6522
6623
3378
8618
1290
7313
2697
8771
6649
6258
3142
3932
8244
8824
3186
6176
5904
3393
5627
7910
1277
3482
7799
9951
1283
8114
8602
436
4947
9638
8799
4261
8104
1568
4982
3426
7148
9068
5137
6960
8521
9035
4325
8092
2351
9678
2471
7105
7125
4133
2104
2045
4490
3094
7058
7720
9774
9408
221
9305
9790
6410
2786
4046
1942
6118
9593
4203
4188
6716
2287
8348
3997
7943
9795
2475
3456
141
1132
2159
4634
4986
4644
9587
5597
9379
1398
3238
5854
3854
1047
1947
2420
911
3434
8805
6556
1112
4710
6310
1729
1352
5903
9718
360
7101
2424
2317
6498
3904
8876
2193
5041
31
9901
228
8896
6437
7881
2788
5404
8488
6057
2979
154
9192
1146
2547
4111
4584
7814
4725
6868
6812
7265
907
4393
9993
216
3189
6102
7358
9132
7037
535
1689
9557
1817
5006
4537
5733
2288
2778
108
2281
1250
9108
1660
5055
4225
550
2981
2346
9268
5669
4123
1559
4469
4211
4697
310
2435
8953
9320
225
9982
7177
2830
2826
7456
5400
9178
4678
9130
8597
4618
4069
223
3871
1872
2208
6292
7664
2022
9986
6152
1756
3709
129
3014
4825
7212
1415
9605
5232
7014
5312
8290
9553
7368
458
3318
2246
4615
9702
7130
8891
9424
8596
6891
3859
6201
4919
2871
3662
1959
1731
8362
7651
7874
5998
4192
211
3635
3760
3145
5814
5407
5853
8358
9075
9820
2642
6011
8315
9241
1227
892
4632
732
2526
6920
2229
4907
7570
4094
2445
4506
4667
6027
1576
3203
7234
6512
4972
130
5485
6327
8102
9248
9193
5665
1402
279
4047
5304
6425
2341
3190
5760
100
2662
9662
1675
9438
9343
687
2600
918
3253
9823
2065
1373
9003
5884
4787
2679
1552
7341
666
6278
2868
2467
5309
2506
8719
5262
5840
9885
4301
6659
9048
7131
4925
9350
9762
7944
7607
7892
4752
7735
9705
7097
5493
1206
2842
4980
9439
9904
9174
3657
9098
741
4343
2889
8037
9176
8756
5938
398
8793
4226
5233
7394
3259
7222
8701
6972
4708
5751
6440
4422
1479
5064
3002
8983
2251
6505
1337
9815
4166
7599
3170
9683
5709
9883
244
7
4894
9965
559
6233
7093
2453
427
6215
6062
8505
599
3900
4705
35
6884
5866
4621
9758
7908
7971
4800
2318
6318
6248
8283
5036
1353
4588
5167
8458
6660
5582
7033
3025
5526
3947
8462
1037
60
8262
6064
4762
102
3982
4869
9186
4781
5642
8034
7675
8473
2050
5285
961
9915
5592
3138
3223
4868
2302
6466
6697
9595
7562
6024
4296
5208
5765
4330
8040
4140
4375
1815
9967
3752
3381
4219
749
9635
2582
26
7687
6700
8033
3051
8652
3384
6123
2494
7977
5724
8737
10000
9212
3402
7538
6400
8463
2400
5176
5305
1229
8121
5975
3660
2195
3853
333
2700
7275
5742
3533
3880
6800
8183
4095
9143
365
9017
5748
2728
2999
1885
9956
6701
1465
690
1207
3475
8951
4461
4348
8748
305
9990
7975
8382
9613
3644
190
6684
1805
4822
4334
2472
5302
606
4963
684
3071
1386
3505
7439
2678
6951
815
7144
6429
9645
3669
2042
8247
4591
4310
4119
1054
5019
6473
4921
7581
9478
1542
7672
5027
3832
7776
9262
113
5202
3828
6777
419
562
2730
996
5000
6255
6492
2072
9832
637
8852
3242
9058
3897
4709
2713
4687
9872
8806
5852
2335
2301
9716
3248
5282
1191
955
4594
9775
5843
9581
6119
234
5127
187
175
4649
4096
275
453
9647
6220
7835
2790
8740
6647
3587
3770
8451
3865
4759
6820
8536
2563
3106
3262
5053
3558
7771
4627
3663
7842
9738
4792
940
423
1485
3391
3946
4817
2755
8438
9920
7241
9821
172
8611
4223
4600
7839
1196
7947
1931
9586
6190
470
7102
3420
8779
1691
704
6281
4189
4307
8157
720
311
2753
7702
6924
1933
3035
6785
7116
8685
7411
3126
9667
3754
7452
7187
2674
819
3576
3363
4056
1281
4191
4531
5355
179
4178
3387
3455
4229
8070
9266
808
729
9099
2685
9158
745
4753
2477
4405
8117
4088
3436
8167
9124
9390
54
9138
944
7583
4003
7445
9325
355
2460
3181
6955
6787
3187
8610
5351
8135
2024
2078
4193
4103
6875
6532
2457
3843
9358
5033
2359
869
2733
6506
3809
3293
3425
962
7531
6708
2492
3444
5150
7157
4180
5535
9190
499
5614
9935
8841
9060
1600
5318
1737
2917
6326
957
7506
2514
9273
8732
1669
1057
6420
8790
8774
7996
7361
8240
9733
3642
6686
99
483
4597
9569
6491
6330
8366
4674
2712
2581
6332
4988
2422
1820
6735
4369
1882
3977
3893
9952
3254
8256
6464
5564
4509
8640
2959
1150
6084
1312
7480
2414
2752
8204
2522
1851
1554
3240
556
5770
9002
8970
8524
7119
1069
8589
5204
4303
8514
8757
2731
9454
3081
8275
4944
8532
2643
133
2154
4662
5441
1400
4176
4624
6562
5460
9978
6497
731
9443
126
6885
8182
323
1765
7691
7999
159
5712
1012
3053
7665
1894
2772
3046
4915
9776
1100
4743
5830
6609
8955
8399
55
8944
882
2183
2066
7604
8836
2565
7662
4265
5807
3833
4196
341
328
9011
4997
4456
3501
9069
9816
9836
4438
8854
8847
9617
2107
1128
9614
7320
541
6807
6538
8911
1699
3330
9545
8700
8486
861
5953
569
7049
616
766
5105
3058
2530
2278
5773
4650
2660
4596
1429
3575
4212
1004
9589
7765
3655
6441
6560
7362
5586
448
6178
5528
1351
1384
5432
1619
6559
7886
5517
4023
8835
5382
8490
3536
4142
9159
7867
3498
9145
9302
7484
8017
5704
4927
9365
4462
4839
9031
8479
2779
1700
8782
4515
5831
5142
2541
4452
7164
6922
1618
8385
1679
8599
2594
9480
8019
2670
2352
6406
4746
5107
2407
5677
5344
1985
4321
3208
5032
7111
6300
663
5069
3382
6664
7844
2776
5552
5442
6238
2059
9891
856
5995
292
6601
7247
6934
9342
1864
2202
1086
3235
530
7342
8484
1253
648
3551
3692
2432
5164
794
2735
7792
9474
120
1688
2748
5059
8278
8122
8547
5917
8239
4208
3613
7132
7770
8265
354
2064
4580
4222
7174
958
9195
4833
4139
6360
6237
3543
339
5615
2863
3820
2191
4736
614
7732
7181
8670
7229
1298
7274
6014
4346
165
3321
759
1155
9704
4721
6980
4082
9641
9690
8209
9220
4671
9590
7849
2995
5283
1303
5456
5645
1226
6819
1829
3015
5509
9303
4908
3601
8046
9537
7009
8097
7393
3521
7271
8638
8393
936
9824
760
7198
7233
9172
9833
4338
632
370
825
5572
3028
6947
4015
5126
2576
885
2587
2727
5617
529
7459
6896
2567
5112
8338
2144
2098
6143
7079
8910
5941
3268
4038
1216
4945
7237
1716
446
5214
4426
5729
4129
4553
1905
4569
2907
3928
6070
7208
9999
6778
3027
5258
4641
4530
7104
4238
2834
5332
2626
8883
6710
6856
5025
5809
366
7447
7982
8083
6094
1940
1121
5198
2111
5173
7056
5409
2314
9229
8161
3959
6502
5135
1871
2722
8747
8990
6377
8002
7295
7697
3359
805
3847
3070
9100
4522
4854
7199
6452
7561
5823
9244
7603
3063
3078
1926
8036
2018
6366
3771
5365
9080
2870
1180
9860
3216
5068
6214
4283
595
7082
5175
6486
3734
6457
9062
7012
6750
4417
4828
5199
8211
367
270
3398
6092
218
5379
742
8692
2338
1695
8314
1596
5030
343
8356
3943
4511
1929
4311
1095
2639
3050
4502
6594
566
1775
4245
1097
6361
4484
9518
7062
5700
4453
786
7347
3849
2199
5768
9948
8724
9691
5415
9492
1218
7149
2701
2564
2780
6017
2258
4412
7399
4105
1482
2213
6086
5319
9992
1538
6880
3179
9727
1418
6842
8834
6345
9412
4727
2802
2404
2166
9710
9391
1158
7334
8149
9428
2906
7170
3632
4252
1476
1269
3067
2277
78
3405
3429
2708
8625
7246
7255
204
9908
7528
8903
6090
9696
6678
4534
7160
5058
7206
3287
2156
6858
2006
6702
8657
9232
7175
4525
6321
2382
9157
5352
4626
3824
3879
6414
5797
3623
3237
5235
6707
7316
4495
9998
6072
5040
2201
5717
8422
7631
8850
6511
4748
7907
6825
5347
374
9831
422
1842
1573
9243
3286
2648
7743
7801
2086
686
5346
5781
8707
9658
156
5806
9442
7618
6860
4414
9298
6706
271
7719
3440
1346
863
5747
1567
6802
1751
6016
379
300
2725
6553
7307
3467
730
9200
6448
3250
2377
3944
516
644
5939
3911
7715
23
2051
4170
1797
4691
7331
399
5850
9966
3792
6621
3892
7163
7742
8302
1631
6540
2141
3998
8788
9547
3232
1683
7937
7744
9151
4548
3171
7066
5782
3073
2348
6911
4614
4148
5795
5455
7402
8980
6673
91
3836
9285
2604
5986
9805
303
6818
5070
2619
3713
739
8148
1855
8439
8918
1528
2751
9542
3285
6073
1437
8267
3210
1617
7797
5869
5699
6675
6699
7321
8281
7809
6003
7690
5267
5743
1981
5247
1713
5224
4091
725
2109
7046
7035
3421
6333
4776
3782
9311
8954
1772
4497
6844
2989
9394
2090
8991
4629
6835
1166
9090
2383
788
6570
5778
2618
3338
6230
656
8591
4389
1800
7602
2915
3471
6965
53
7557
2097
1299
5567
7669
941
8881
3535
5604
9739
4651
3631
7112
95
8658
3720
3090
2845
9741
3358
5088
7722
6274
8746
6617
9919
7827
7816
4778
4866
5459
778
4782
2164
8029
9148
3863
3125
4772
4864
4774
2797
3288
604
1586
1174
2990
785
173
6530
45
525
2084
3862
3766
5397
7095
4995
2425
723
268
4896
7909
5474
8964
4830
8634
6229
385
1584
977
5638
518
8725
9769
9447
2535
887
4248
1602
9676
6657
1307
9604
2194
2478
144
4960
3195
6314
665
361
5860
1908
7473
4749
6349
8664
8455
2824
2898
975
4061
820
1382
392
5057
9753
8533
8210
9843
609
8425
8345
9801
8294
4909
9028
4577
1068
2993
8572
3899
709
8609
3988
791
1904
7098
5246
767
5658
2698
1501
466
8417
6568
8279
5483
1822
5920
1421
724
9746
5491
8062
4560
9540
3350
200
3616
8937
2200
5758
1599
7016
7073
6299
3243
7094
7596
2556
2634
3344
7901
4496
6162
3546
8284
8691
1085
8289
6525
1143
3595
63
7704
4167
5008
834
2820
2426
7050
230
3526
1802
7021
6101
4385
1188
6019
5557
9867
9938
4403
5488
9479
3164
5325
1833
4264
7011
8731
8273
6147
3691
993
5210
7898
726
6592
7221
2028
3224
3289
3120
4636
4128
1522
7223
7348
3497
1711
7387
7630
3511
7319
3013
6688
7963
9673
4
8522
931
5949
9277
7772
6276
9191
6446
5882
1362
9555
5115
5756
5619
8152
7688
9020
564
4336
1702
410
2235
2108
1964
6906
4961
6855
3903
9878
3541
2924
6053
8501
8319
3009
7532
1443
1017
6689
7191
3516
7838
9214
3401
8409
3628
9757
9355
2738
2926
3214
5499
1199
5279
5315
3371
5181
949
9994
5234
7780
998
515
4807
1098
3340
4372
2085
7696
7417
9000
9292
8733
6563
3403
985
9405
5973
1387
832
2500
5250
4739
4477
3388
9117
347
9684
8552
5102
5078
727
4440
4814
5598
324
5381
4342
4633
7939
2013
8460
1487
7904
103
3433
1091
496
6495
5682
5630
4848
1327
4425
9744
32
4713
1743
6104
979
1847
9033
9361
3258
2356
2433
3996
8353
7289
6157
5686
1264
5073
558
5593
7140
1014
3141
5363
9921
9118
735
9291
493
6294
4202
2167
7423
3842
5370
3016
4677
7915
6397
8705
1500
2228
7626
1210
8723
2967
2513
833
6719
7966
8231
8607
8397
5569
9317
6261
5300
8389
5354
3504
4529
5906
5964
8179
9975
8344
6596
1903
586
7666
6804
7642
1031
2681
4187
6085
3275
5981
1194
9307
4558
770
1272
5399
382
7948
6490
3741
9913
3844
9094
9732
2444
5542
3386
6001
4489
9095
2063
2418
2007
50
3872
3518
9247
2025
935
6704
1471
6388
9559
8069
5141
8155
9946
5657
4450
8189
712
5160
3923
797
6894
4010
482
4740
9861
2948
8934
5620
1032
9839
5028
9239
2190
9876
9854
9107
9468
877
6409
7374
5017
4175
7644
7924
2696
574
4032
6921
1460
6738
8729
6799
9331
5695
6316
945
748
2204
6378
6582
2464
8770
9041
7547
5152
3940
8892
719
2272
9838
5890
408
276
3329
7171
9271
3457
3555
3774
5083
9079
6194
9091
4819
6786
9160
5599
7750
8523
14
76
420
8068
2980
509
1788
5970
8436
627
607
7739
5248
8682
416
6304
1806
4075
193
9140
2416
1496
661
8939
8449
7503
2523
3213
1233
8406
8985
9455
2033
3861
5220
3438
3115
6442
1915
3590
4395
7460
1316
9608
6339
1575
2038
3267
8009
9477
840
8218
9185
2031
4738
1488
8343
4268
1167
747
7414
9037
4277
7914
4383
9294
8703
3641
8373
6012
2937
1331
3017
3416
9403
5
4232
8679
7029
4902
2508
549
6439
2913
281
9411
612
7507
1630
3696
1965
2487
1720
1525
8857
578
2120
7748
4557
8420
6755
995
9964
3319
4367
2684
1209
8555
4841
5521
4567
2079
7530
3556
1701
7038
7366
463
1531
9640
9078
2756
4179
4941
3312
319
7226
6534
4200
9359
6654
9490
7961
1649
5873
6444
4813
6385
9666
202
7709
3522
8686
4835
1748
7218
2479
6881
2223
8055
4682
4153
7440
3953
8823
2076
2833
3645
1589
852
1636
1948
2769
4999
3341
8499
6650
9531
5327
3976
5541
4601
2073
6110
2326
3523
4355
2005
9688
9306
9729
433
4322
4536
8390
2381
705
6051
7682
1107
4421
8564
8684
7284
1221
4583
7433
3574
6997
5010
3964
4390
3538
5388
5259
7216
9263
3957
162
2068
1623
6030
6604
6288
1062
4793
757
6854
1893
7564
1263
1860
9349
3671
2328
3300
2848
1033
5177
340
7586
1515
9679
4976
8601
236
7912
6547
9937
695
1868
8889
9520
8673
8629
9962
4280
603
8208
5628
8309
3822
9219
6740
5664
5338
2560
3087
6252
3092
1048
2966
7812
9509
5932
771
8768
2945
3670
2092
1469
2692
1088
7641
8882
8798
6372
3625
514
9543
9339
6606
6913
8293
2192
3987
3791
6681
9551
8230
8395
9565
4437
2844
8257
764
8347
7300
1971
1348
6266
8819
3807
1988
3778
585
1338
6417
4445
9907
3898
9162
671
7491
9841
753
9549
746
5383
3320
3466
7258
4227
8803
2680
1399
2315
2148
2808
107
8295
8721
1403
4141
3850
7668
8428
1918
7365
6724
4230
8716
1913
6651
3627
3085
647
1082
2964
4827
177
5799
5777
6145
2299
9886
1635
166
2583
9430
250
9213
2388
5908
1052
5954
9592
3172
2851
7057
2596
4797
58
8542
7950
7608
5888
9149
8931
2115
4457
3570
8587
5155
437
9933
3719
5503
9171
1224
9598
3884
8468
1203
5574
780
691
2062
2238
1211
798
6923
8863
7663
9700
3557
214
8874
7337
3651
3427
1355
6117
1144
5558
7061
3633
3043
3620
425
8715
258
1259
6823
7529
1877
5985
3110
3841
875
6862
7994
787
2930
8206
3740
5206
8086
1883
5125
8949
8124
2803
4940
6456
3901
9923
9183
6729
6987
2133
4675
3775
5624
1771
4024
7042
2891
5253
8925
4526
6821
6
8060
659
9370
9996
7405
2182
6949
5469
2205
9475
6022
1791
37
1309
1986
7352
4859
3278
9333
283
5875
5691
426
4163
5052
5944
2336
4856
9643
4609
9596
6546
8186
4016
9202
8630
628
5879
4938
9980
8008
673
7127
5170
6798
9225
6861
8166
5871
6979
2226
5185
8113
7007
8608
4780
7214
7412
9367
6555
4186
5166
7652
83
6285
7287
7442
8687
3562
8024
8745
6929
6262
4312
6393
246
5980
4479
8830
8038
8374
2831
2313
1793
4143
8292
6780
9944
1746
8442
314
489
16
7156
6168
2058
9984
3520
9436
4214
8429
2240
7063
7291
9150
9382
827
7205
5061
670
1061
7018
6897
9084
9406
2862
2344
478
3144
2839
7466
3336
2925
982
6892
1251
389
6398
5188
1987
5554
7932
7949
4702
5956
7653
590
7953
8405
7184
2371
6584
2749
2043
9476
625
4313
8276
8773
7424
2983
9731
3360
5272
7875
4504
1354
1954
96
6496
2616
2986
9703
7153
6142
8888
8107
5340
733
6217
1470
6042
3888
9103
1828
1910
8710
3508
890
182
4987
8575
8494
610
4812
1693
3345
147
9249
1246
5540
4906
2429
8946
2641
1879
3617
1995
125
8168
9251
5878
9917
3418
6557
4899
5461
3963
6273
9826
417
6069
7767
8246
3624
1285
8220
8804
9284
633
6788
2858
5113
1481
6325
2968
3191
983
8714
1260
9609
3352
5462
1709
830
9859
9736
5360
3603
2825
9419
116
7906
5706
5832
2110
2580
1244
8301
5014
1544
5937
8706
6352
4078
9712
6270
3798
8661
5560
4590
5501
6499
7863
1304
497
5367
3958
5732
123
8655
6973
7721
3577
5918
8120
8254
2029
6603
1066
7940
9197
6869
2160
989
8598
3726
8151
372
3905
2438
8843
6930
8475
6691
7197
2601
8973
3228
9506
1641
1156
1080
7220
2173
1176
2067
4093
3077
7113
7379
7632
3597
92
4758
722
5992
9087
2308
1984
8750
3385
9789
3921
3428
3532
7569
8775
8639
8424
2843
2489
4914
5498
1478
4716
2888
6995
2099
9675
3765
5571
5676
4642
1335
5824
4006
5467
3280
9021
9794
4707
3514
5898
4465
9166
9279
5395
8165
8800
7796
9250
3076
4043
1624
8453
3074
9006
4645
8217
1089
7397
3245
5789
5373
4877
6912
1819
4001
638
2812
1769
3308
9807
9209
2486
2944
2714
8924
5403
1240
3139
9211
3102
1854
3249
5193
3018
9380
1678
2518
9133
9494
7998
3823
2163
1271
4850
8558
8223
9611
331
9116
7045
6605
5654
2452
8914
7741
5576
8407
5380
9119
8809
1873
3920
9622
2706
3683
3422
3705
543
4036
8041
1141
6067
7437
8559
7155
2998
7137
2791
4092
3463
4844
6524
2813
9602
634
1426
7376
9254
4605
8554
5785
2014
864
449
2963
7103
3922
1609
5976
2402
9042
1527
4993
1287
571
7211
801
1124
8423
2517
9610
5633
1757
1572
6705
7318
7802
8563
1243
3656
7490
5864
4499
6277
6284
8853
6931
8987
4107
6052
9552
5810
445
2157
4198
8936
356
2224
450
8478
2598
1681
9577
6164
2901
9811
6401
8003
3951
4810
3678
8577
8690
3588
8815
9047
5518
3485
39
4555
5771
5229
5934
7922
4872
8305
2214
7900
6153
8232
7553
2811
2102
1161
5067
5821
5610
3513
4546
4937
8590
8079
7195
6991
7396
6619
5874
7614
8735
3935
231
5740
1761
6223
7209
4761
9791
4962
7751
2037
6767
1451
9973
5568
1413
6287
7039
9280
2245
5649
7933
7350
4224
2846
7030
5538
5451
7621
4169
5919
4021
7976
3310
1288
4978
1682
7427
8826
7232
1198
1407
521
4647
650
6228
5639
839
9825
4745
261
4258
5280
3890
57
6887
7798
7962
1181
4031
6323
4305
8001
4110
44
2866
1727
3088
1637
6433
5391
5189
9286
9134
8570
5330
9857
2070
7516
7385
1949
3244
2088
8860
1814
7643
6503
4400
4943
124
4573
3146
7404
6354
7306
8154
3563
68
3614
8346
2392
8571
5820
1182
2174
6996
3461
1330
8249
6359
4556
3966
7964
7891
6335
1719
2350
2290
2319
33
2250
2586
4505
6015
3012
3031
1493
443
5392
3995
5899
1970
1448
3819
7086
4005
7486
7649
1358
4922
9660
4449
7277
2129
3494
8297
1205
5271
3264
826
8492
9906
4541
8821
1053
368
7302
1782
3970
1035
5562
1217
4953
4487
3697
7763
9771
9968
9809
9871
866
9625
750
219
5043
7913
6910
922
7279
9927
1831
8039
1512
653
6998
1784
1917
8057
3212
6831
8071
9629
7006
428
3939
3332
6565
2373
2393
7595
8313
3176
4147
3197
8988
1063
5629
3602
8817
6893
1816
3337
196
6945
4474
5387
253
315
5037
7146
4480
7511
6529
8873
3612
8671
5787
4177
6644
682
4364
8500
8952
6971
5358
857
3215
4630
1202
4754
524
1973
8537
2677
6615
774
4905
831
3001
8196
9341
2585
5161
3357
888
1730
9431
3910
8886
1234
2572
3400
8613
1445
2766
532
454
3180
7407
6533
5288
7527
3722
8568
40
7794
8562
7377
9606
4132
9025
4498
4917
6636
9378
1920
8878
1844
4696
4766
8368
111
8288
9742
3462
8736
4234
2969
3784
5295
2719
5828
9969
2101
7537
7622
3205
9828
6091
8307
6898
9354
9571
8213
396
9088
5749
3135
89
3220
3689
1605
265
8644
7329
8777
409
4923
3837
9599
7903
9467
5896
3908
7781
711
3496
959
2417
3991
8296
1590
9009
988
1323
7395
6550
8820
7282
1406
2934
5458
3038
5668
8337
1741
2019
1267
9188
5631
8339
7888
1175
2434
9873
3178
9008
4613
3971
1274
8810
8234
1974
3374
290
943
8192
3550
2220
4911
4401
9879
4784
626
8959
1070
1578
5811
460
2369
6370
4920
143
1759
7122
6936
6625
6879
4114
779
5292
6876
7238
2864
5750
2158
818
751
5311
3059
1813
4991
7055
7315
6130
2806
561
6179
954
5131
5764
6108
2339
5149
3239
2150
964
6628
5377
7462
3592
5738
7766
7468
3011
2741
5159
6239
6576
3064
8546
69
9657
3490
3297
829
8255
7786
1162
342
4218
6589
2747
5674
2490
1561
3166
5588
1603
212
9001
2137
5734
4104
7493
5783
6436
6141
1723
5834
9407
7115
6895
5197
3442
9767
1173
9681
8378
4967
4435
9989
5051
2705
8059
7398
5138
3261
2612
9585
1376
6039
8142
2882
6622
2244
1090
4472
4998
873
4256
3559
3591
867
3572
8907
8885
8197
9234
2243
7837
773
5495
7958
8758
8093
6427
4655
4216
693
2124
4811
3365
1626
4582
7509
8241
1165
5502
8511
2671
6139
3969
8375
5290
9654
8678
1463
184
8981
2693
2742
8016
4648
6312
8950
5136
6265
1171
1726
5378
3470
9575
5774
9201
9862
6968
7328
2474
9713
8717
3369
5079
5575
3649
5926
9409
1786
7635
5648
9995
5487
9947
1440
2249
4929
5637
8900
3622
6453
6679
9597
3961
1654
7928
3723
6616
4638
4717
9782
317
9270
3184
7053
8845
1136
7047
6058
7868
2237
4195
3291
9570
8968
5117
1976
7957
654
6291
2399
185
6828
9893
6269
1278
4415
1628
1899
8464
3926
6509
5846
1113
424
285
7100
8391
9
4788
2810
4878
1242
6634
6658
2117
7526
2879
8754
6685
7150
30
9561
294
1945
3196
6620
3886
9449
2798
8503
6961
4100
2061
6857
5427
2953
3003
6128
7689
415
4513
3124
9373
7453
4394
7475
9175
3209
7178
2765
5412
6687
2764
232
889
6077
2909
4239
322
9890
2470
8350
9653
9218
2171
3055
3479
2578
1248
1079
131
8493
6356
7327
9563
7305
6723
8312
6408
4637
9207
168
9237
5655
8476
7520
1556
9180
2291
4808
9751
6315
5182
5349
9847
9864
1555
4977
5632
7726
4242
7791
1622
3459
6915
5445
8207
5613
9085
1450
6845
576
6772
8226
4589
4572
7346
9322
115
9371
2661
1963
3089
9899
8387
5684
7627
4018
2430
1302
4433
3733
8742
8912
8992
1239
6646
5837
9169
3539
2358
6080
7027
1326
9398
4538
737
1991
6445
8252
6668
6574
4468
5644
1322
8496
2036
7566
973
8619
5745
6114
6803
6382
2687
8722
5698
5780
4030
6431
7834
5310
4295
871
7041
7911
4791
1999
602
1706
9448
6384
4578
4799
1208
3322
508
136
520
7703
9240
4523
197
9784
8495
3052
2955
611
9916
9417
3301
6244
9187
5715
3804
359
2855
3227
3097
67
1310
3004
9819
615
2902
5753
9895
5609
552
5024
7718
8677
1975
6837
6745
1427
6036
4387
1341
3484
2743
4892
8502
1997
7251
9253
4042
6462
8418
5219
4382
4562
5703
9953
7877
2962
6371
3282
8089
5555
5524
7158
3677
4692
5230
4407
6247
4965
1293
3026
9924
5256
1083
3331
9715
29
2387
5857
5697
2311
4447
6207
438
6739
6633
2739
9721
8960
6137
2994
5635
3394
1838
484
1724
1109
3167
3650
2505
7623
4975
5243
3759
6790
9259
3221
1712
1455
7833
2711
6535
631
61
1597
9685
3306
1505
6423
1912
9299
2203
6866
2265
3206
164
8489
3876
1241
8786
8604
783
2746
1134
7619
3103
9113
8190
6148
5293
3855
899
1489
2878
5862
8663
7022
5353
9651
2647
2971
7815
4339
5967
49
3169
9779
6641
5839
485
1896
3907
6770
5124
6100
6917
676
9594
6346
3912
683
1692
4946
1783
3347
2691
6189
9168
658
6105
710
4989
5685
9267
4593
6134
9004
3407
4492
5072
4657
8711
145
233
7054
6071
7485
4299
1698
259
9652
6035
3994
9668
7588
6517
9073
47
2890
3510
1442
9988
7292
563
301
8058
1653
7273
2872
4475
9583
5221
5316
2496
4563
660
3010
9388
5223
3729
4832
6792
6776
3811
9850
2026
1363
4289
1190
9329
2216
6513
5359
1078
4233
9096
6766
5002
2965
3333
358
394
7979
1648
9205
5297
7134
699
2952
8360
4760
7280
9418
7617
672
4478
9077
4210
5421
8205
3607
2039
8632
2951
4809
6045
8394
2485
2628
5422
9798
9383
8064
7519
3449
1687
293
7541
4441
9032
1639
7810
3870
6275
7254
8184
6075
6791
6483
4488
2978
4329
7828
7676
9106
3694
6674
36
9780
6357
8583
402
7985
939
8264
624
7204
568
8586
8050
1580
7707
2610
2516
9803
2304
9466
1475
2069
3852
7637
4544
1962
932
6747
657
9460
8035
5286
4737
2895
451
1185
2636
7969
6078
4599
1149
9846
9070
5600
2632
5413
5308
5320
6407
7010
2591
8606
7856
5446
1145
1256
475
1518
7746
9076
3098
8996
9677
3151
6639
7448
7192
2910
337
5595
6666
210
269
1777
1333
1524
2757
9804
5128
3311
4950
6504
2260
5640
5893
5273
629
9204
9580
5016
8118
7711
2869
5829
1684
6477
4540
4331
1887
280
3199
4670
7227
383
9206
7135
8672
4359
2130
678
3868
81
7345
6478
8780
1164
471
4934
4996
9707
2081
2676
3552
991
2795
1494
5510
6138
1627
4690
701
1343
6883
9313
7670
8352
2146
4013
3509
9101
2527
5118
5863
2209
3204
5261
4935
8858
8621
1125
5651
9156
1315
5021
2621
8471
3182
5876
6412
4278
8666
5643
1276
1439
3168
5001
2221
6093
1876
5508
3954
8440
8480
364
6224
8203
8581
1740
8282
9981
5095
3831
763
7723
5921
5971
9813
7613
6432
4883
7737
6165
6308
5082
9264
313
4126
2827
743
5394
2289
5940
6386
7593
5133
5711
171
645
9600
9631
7546
2298
6725
3715
9092
1334
1405
4595
9541
8651
7230
2607
1957
8913
2231
8566
4852
5077
3225
2009
9012
6732
8415
62
3343
4418
7917
9619
9800
3417
6805
2060
299
2286
9507
5701
1043
5063
4628
4485
1051
4901
1865
4889
8512
8191
8772
6472
188
2462
981
534
9626
1232
4112
8516
1321
5436
952
3489
2488
7339
4482
9346
2853
7571
4058
4152
4349
2837
3993
4755
9567
6514
920
2495
1878
7523
7324
2376
6578
5590
7973
1874
6020
4693
2592
7959
412
2230
8175
6985
2096
7656
7694
3699
1834
6640
1126
1927
6343
5299
1001
7974
5819
4206
2896
9929
5364
5993
6295
8067
4881
6561
5761
3950
9245
2987
4008
7386
8416
8020
4532
3123
6380
7853
5549
6516
4086
1569
1835
3147
2211
7779
3668
52
8539
1220
3839
5725
3061
6886
883
2629
4865
2196
6751
1517
1839
2165
6256
1461
2832
5847
1990
5480
1093
9533
4500
9170
1566
4117
9441
3270
8927
3714
7848
4017
7628
4022
8920
66
6140
9724
1934
8073
4027
9131
2353
8311
336
9327
8427
3840
7419
369
1127
2816
7847
5656
2536
2379
620
24
5909
1798
4932
2546
7068
617
170
11
5307
1869
295
8894
5245
2593
4779
9734
1776
8971
3404
1204
7575
9528
1006
1928
8376
1520
905
5827
7584
238
6107
501
8781
7841
2920
5146
3041
4161
9296
3680
7579
2539
8557
7869
9961
5270
5730
9735
6387
8185
1615
5039
6010
479
7243
5134
3599
8465
1138
9817
8445
3553
6340
1286
700
8101
8584
8650
5935
1163
9719
3846
777
7823
3150
6983
6847
7769
2187
1840
5779
5605
5960
152
59
5085
4446
2734
6863
2707
2292
3700
7582
8764
5406
4466
264
8325
441
7240
6918
4568
5237
2126
6585
7683
4949
1503
3639
4951
9772
5287
4494
6571
7522
6759
3580
8139
2575
754
4371
4486
8349
4805
2269
2403
1523
5435
5450
5098
3056
2459
555
7677
1853
286
1200
6487
9110
256
9208
4427
8646
4323
7096
1588
6607
1585
4694
2689
2239
772
2337
588
6572
8683
900
5468
1734
9147
3955
5801
3573
3835
5132
6227
7866
6655
8326
3949
3060
1521
22
65
9708
2841
9352
3096
8967
9141
1077
1087
8012
8018
2267
2814
6050
6282
7896
7708
1707
9282
822
7782
7075
8855
207
1665
9385
9527
6806
7788
8216
4246
3600
5417
872
2283
4053
2442
6353
3630
6722
6390
6047
9634
640
3305
6480
8229
5775
7521
6941
8357
531
4668
8158
6322
6395
5844
1778
1368
8593
9972
3746
4603
706
923
4432
6122
1534
262
3992
667
8214
8833
1306
4361
8538
1020
6720
8816
5585
7899
3956
803
8838
4065
1570
4309
512
6927
8304
7845
551
3483
7173
6259
3942
2419
2972
6163
2139
3931
6682
8614
2973
6246
7951
6235
1477
4125
1495
8129
7889
7418
9362
1549
2571
9269
2919
1836
4581
8333
6060
8056
8258
8829
1881
1486
4622
2215
8342
9616
1468
8999
572
5955
2682
2498
4416
4127
9323
2542
6783
3065
4900
7067
9827
9911
477
3732
3159
4575
439
1201
5963
8998
284
3469
2859
9889
1932
1564
6455
2367
9909
557
2590
4698
7044
4744
5147
3500
7540
3271
395
4205
1780
9648
6637
6648
1662
533
8994
7465
3047
7967
2550
810
3629
728
3356
1311
9252
1993
7965
5275
3247
2368
2644
8291
528
2138
1045
7758
4436
2415
4197
8131
2218
2921
8048
3104
8544
9556
8932
9931
9845
6358
4520
298
6306
1040
4464
1577
7052
881
3806
5337
1916
9135
4122
1875
1094
1710
1739
3131
8508
3109
8195
148
9089
1122
7070
1690
3411
8271
473
8466
8744
8365
5546
1841
6251
886
6054
9852
9221
3437
456
9670
9005
1374
9445
3925
2552
5153
9353
7317
3030
9812
8330
8110
2411
2127
8832
2052
498
2153
6824
3666
546
4804
2463
8561
6210
8145
8329
4353
8929
4335
8270
6097
3537
3316
4131
2177
9153
2928
8887
3965
1075
3586
7956
6749
505
7297
4561
2651
6583
9022
1467
9743
4890
9925
9114
9822
229
9040
8872
9544
6627
5081
9129
1000
7477
4992
3605
3985
2125
321
8763
2664
4377
6404
9422
9155
5606
2975
8090
3767
7905
9689
4592
3119
7858
5616
2071
7895
7752
4451
7242
2122
4733
72
901
2034
755
9628
1296
6421
1236
4683
297
6937
7162
4236
9019
8457
6413
9564
1906
9572
9167
8411
9482
6813
3246
8698
7087
1289
5794
843
7795
3790
7606
5172
2645
9425
9536
8369
3346
4604
5097
7803
4751
1668
6907
9627
5500
7002
8238
2666
7638
812
4171
4983
4930
6212
1979
2397
6718
5739
3390
8481
5291
5550
4845
5475
2219
3936
7003
5966
6209
5527
5561
4879
9835
6465
8108
6757
933
495
2709
3265
5343
6368
